Mating	CC_Mating	A	B	C	D	E	F	G	H	M_prob	C_prob	D_prob	Mx1_status	Mx1_CC	Mx1_CD	Mx1_CM	Mx1_DD	Mx1_DM	Mx1_MM	Uncertain
13067x16912	CC003xCC051	0	1	0	0	0	0	0	0	0	0	1	DD	0	0	0	1	0	0	No
13067x5306	CC003xCC062	0	0.5	0	0	0.5	0	0	0	0.5	0	0.5	DM	0	0	0	0	1	0	No
13140x16680	CC001xCC055	0	0	0	0	0	0.5	0	0.5	0	0.5	0.5	CD	0	1	0	0	0	0	No
13140x3015	CC001xCC074	1.462525e-05	0	0.499965501	1.987375e-05	0	0.5	0	0	0	0.5	0.5	CD	0	1	0	0	0	0	No
13421x16034	CC007xCC070	0	0.5	0	0	0	0	0.5	0	0.5	0	0.5	DM	0	0	0	0	1	0	No
13421x16296	CC007xCC049	1.4625e-05	0.5	1.998025e-05	0.49996539475	0	0	0	0	0	0	1	DD	0	0	0	1	0	0	No
13421x3260	CC007xCC075	0.499970751	0.5	1.46245e-05	1.46245e-05	0	0	0	0	0	0	1	DD	0	0	0	1	0	0	No
15119x16521	CC065xCC072	2.9249e-05	0	3.97475e-05	0.9999310035	0	0	0	0	0	0	1	DD	0	0	0	1	0	0	No
15119x8018	CC065xCC010	2.9249e-05	0	0.4999853755	0.4999853755	0	0	0	0	0	0	1	DD	0	0	0	1	0	0	No
15155x16680	CC039xCC055	0	0	0	0	0	0.5	0	0.5	0	0.5	0.5	CD	0	1	0	0	0	0	No
15155x8054	CC039xCC020	0.499969751	0	1.51245e-05	1.51245e-05	0	0.5	0	0	0	0.5	0.5	CD	0	1	0	0	0	0	No
15156x1566	CC002xCC021	1.706225e-05	0.375	0.4999688125	0.12501412525	0	0	0	0	0	0	1	DD	0	0	0	1	0	0	No
15156x3252	CC002xCC011	2.43775e-06	0.375	3.31225e-06	0.12499425	0	0	0.5	0	0.5	0	0.5	DM	0	0	0	0	1	0	No
1566x8002	CC021xCC032	1.46245e-05	0.5	0.49996550025	1.987525e-05	0	0	0	0	0	0	1	DD	0	0	0	1	0	0	No
1566x8043	CC021xCC023	1.46245e-05	0	0.49996550025	1.987525e-05	0	0	0.5	0	0.5	0	0.5	DM	0	0	0	0	1	0	No
16012x5119	CC059xCC065	1.46245e-05	0.5	1.987375e-05	0.49996550175	0	0	0	0	0	0	1	DD	0	0	0	1	0	0	No
16034x13067	CC070xCC003	0	0.5	0	0	0	0	0.5	0	0.5	0	0.5	DM	0	0	0	0	1	0	No
16034x8056	CC070xCC056	0	0	0	0	0	0	1	0	1	0	0	MM	0	0	0	0	0	1	No
16072x3393	CC037xCC057	1.46245e-05	0	0.49996437675	2.099875e-05	0.25000000025	0.24999999975	0	0	0.25000000025	0.24999999975	0.5	CD	0	1	0	0	0	0	Yes
16072x5346	CC037xCC046	0.4999853755	0	0.49997900125	3.562325e-05	0	0	0	0	0	0	1	DD	0	0	0	1	0	0	No
16188x3252	CC004xCC011	0	0.5	0	0	0	0	0.5	0	0.5	0	0.5	DM	0	0	0	0	1	0	No
16188x8005	CC004xCC012	0.499970751	0.5	1.46245e-05	1.46245e-05	0	0	0	0	0	0	1	DD	0	0	0	1	0	0	No
16211x13140	CC005xCC001	0	0	0	0	0.5	0.5	0	0	0.5	0.5	0	CM	0	0	1	0	0	0	No
16211x16557	CC005xCC040	1.46245e-05	0	1.987375e-05	0.49996550175	0.5	0	0	0	0.5	0	0.5	DM	0	0	0	0	1	0	No
16296x477	CC049xCC036	1.4625e-05	0.5	1.998025e-05	0.49996539475	0	0	0	0	0	0	1	DD	0	0	0	1	0	0	No
16441x8005	CC041xCC012	0.4999853755	0	3.449825e-05	0.49998012625	0	0	0	0	0	0	1	DD	0	0	0	1	0	0	No
16441x8024	CC041xCC016	1.46245e-05	0	1.987375e-05	0.49996550175	0	0	0	0.5	0	0	1	DD	0	0	0	1	0	0	No
16513x15156	CC019xCC002	1.22505e-05	0.375	0.374979313	0.12500843675	0	0.12499999975	0	0	0	0.12499999975	0.87500000025	DD	0	0	0	1	0	0	Yes
16513x16188	CC019xCC004	9.81275e-06	0.5	0.37497600075	1.418675e-05	0	0.12499999975	0	0	0	0.12499999975	0.87500000025	DD	0	0	0	1	0	0	Yes
16513x8027	CC019xCC027	9.81275e-06	0	0.37497600075	1.418675e-05	0	0.12499999975	0.5	0	0.5	0.12499999975	0.37500000025	DM	0	0	0	0	1	0	Yes
16521x3260	CC072xCC075	0.4999853755	0	3.449825e-05	0.49998012625	0	0	0	0	0	0	1	DD	0	0	0	1	0	0	No
16521x5391	CC072xCC063	1.46245e-05	0	1.987375e-05	0.49996550175	0	0	0.5	0	0.5	0	0.5	DM	0	0	0	0	1	0	No
16557x13067	CC040xCC003	1.46245e-05	0.5	1.987375e-05	0.49996550175	0	0	0	0	0	0	1	DD	0	0	0	1	0	0	No
16557x3154	CC040xCC015	2.9249e-05	0	0.4999853755	0.4999853755	0	0	0	0	0	0	1	DD	0	0	0	1	0	0	No
16680x16750	CC055xCC006	1.46245e-05	0	1.987375e-05	0.49996550175	0	0	0	0.5	0	0	1	DD	0	0	0	1	0	0	No
16680x8016	CC055xCC028	0	0	0	0	0	0	0.5	0.5	0.5	0	0.5	DM	0	0	0	0	1	0	No
16750x13421	CC006xCC007	1.46245e-05	0.5	1.987375e-05	0.49996550175	0	0	0	0	0	0	1	DD	0	0	0	1	0	0	No
16750x15155	CC006xCC039	1.46245e-05	0	1.987375e-05	0.49996550175	0	0.5	0	0	0	0.5	0.5	CD	0	1	0	0	0	0	No
16768x5035	CC068xCC035	0	0	0	0	0	1	0	0	0	1	0	CC	1	0	0	0	0	0	No
16768x8021	CC068xCC043	0	0	0	0	0	0.5	0	0.5	0	0.5	0.5	CD	0	1	0	0	0	0	No
16785x773	CC071xCC053	0	0.5	0	0	0	0.5	0	0	0	0.5	0.5	CD	0	1	0	0	0	0	No
16785x8031	CC071xCC031	0	0	0	0	0.5	0.5	0	0	0.5	0.5	0	CM	0	0	1	0	0	0	No
16912x16211	CC051xCC005	0	0.5	0	0	0.5	0	0	0	0.5	0	0.5	DM	0	0	0	0	1	0	No
16912x5489	CC051xCC009	1.46245e-05	0.5	1.987375e-05	0.49996550175	0	0	0	0	0	0	1	DD	0	0	0	1	0	0	No
18018x3154	CC010xCC015	2.9249e-05	0	0.9999310035	3.97475e-05	0	0	0	0	0	0	1	DD	0	0	0	1	0	0	No
18018x3460	CC010xCC060	1.46245e-05	0	0.49996550175	1.987375e-05	0	0.5	0	0	0	0.5	0.5	CD	0	1	0	0	0	0	No
18018x5080	CC010xCC034	0.49998537425	0	0.49998012675	3.4499e-05	0	0	0	0	0	0	1	DD	0	0	0	1	0	0	No
18042x16513	CC042xCC019	9.81275e-06	0	0.37497600075	1.418675e-05	0	0.62499999975	0	0	0	0.62499999975	0.37500000025	CD	0	1	0	0	0	0	Yes
18042x3032	CC042xCC017	0.1666666665	0	0.1666666665	0.166666667	0	0.5	0	0	0	0.5	0.5	CD	0	1	0	0	0	0	No
18042x3415	CC042xCC014	1.46245e-05	0	0.49996550175	1.987375e-05	0	0.5	0	0	0	0.5	0.5	CD	0	1	0	0	0	0	No
18042x8008	CC042xCC025	0.499970751	0	1.46245e-05	1.46245e-05	0	0.5	0	0	0	0.5	0.5	CD	0	1	0	0	0	0	No
3015x15156	CC074xCC002	1.7063e-05	0.375	0.49996881325	0.12501412375	0	0	0	0	0	0	1	DD	0	0	0	1	0	0	No
3015x16912	CC074xCC051	1.462525e-05	0.5	0.499965501	1.987375e-05	0	0	0	0	0	0	1	DD	0	0	0	1	0	0	No
3015x5306	CC074xCC062	1.462525e-05	0	0.499965501	1.987375e-05	0.5	0	0	0	0.5	0	0.5	DM	0	0	0	0	1	0	No
3015x5358	CC074xCC058	1.7063e-05	0	0.624959751	2.3186e-05	0	0.375	0	0	0	0.375	0.625	CD	0	1	0	0	0	0	Yes
3032x16188	CC017xCC004	0.1666666665	0.5	0.1666666665	0.166666667	0	0	0	0	0	0	1	DD	0	0	0	1	0	0	No
3032x16441	CC017xCC041	0.166681291	0	0.16668654025	0.66663216875	0	0	0	0	0	0	1	DD	0	0	0	1	0	0	No
3154x16012	CC015xCC059	1.46245e-05	0.5	0.49996550175	1.987375e-05	0	0	0	0	0	0	1	DD	0	0	0	1	0	0	No
3154x3609	CC015xCC018	2.9249e-05	0	0.99993100275	3.974825e-05	0	0	0	0	0	0	1	DD	0	0	0	1	0	0	No
3252x8002	CC011xCC032	0	0.5	0	0	0	0	0.5	0	0.5	0	0.5	DM	0	0	0	0	1	0	No
3252x8042	CC011xCC042	0	0	0	0	0	0.5	0.5	0	0.5	0.5	0	CM	0	0	1	0	0	0	No
3260x1566	CC075xCC021	0.4999853755	0	0.49998012475	3.449975e-05	0	0	0	0	0	0	1	DD	0	0	0	1	0	0	No
3260x5035	CC075xCC035	0.499970751	0	1.46245e-05	1.46245e-05	0	0.5	0	0	0	0.5	0.5	CD	0	1	0	0	0	0	No
3393x5358	CC057xCC058	2.43775e-06	0	0.12499425	3.31225e-06	0.25000000025	0.62499999975	0	0	0.25000000025	0.62499999975	0.125	CM	0	0	1	0	0	0	Yes
3393x8052	CC057xCC052	1.46245e-05	0	1.987375e-05	0.49996550175	0.25000000025	0.24999999975	0	0	0.25000000025	0.24999999975	0.5	CD	0	1	0	0	0	0	Yes
3415x16012	CC014xCC059	1.46245e-05	0.5	0.49996550175	1.987375e-05	0	0	0	0	0	0	1	DD	0	0	0	1	0	0	No
3460x16072	CC060xCC037	1.46245e-05	0	0.49996437675	2.099875e-05	0	0.5	0	0	0	0.5	0.5	CD	0	1	0	0	0	0	No
3460x16750	CC060xCC006	1.46245e-05	0	1.987375e-05	0.49996550175	0	0.5	0	0	0	0.5	0.5	CD	0	1	0	0	0	0	No
3564x16785	CC029xCC071	0	0.5	0	0	0	0.5	0	0	0	0.5	0.5	CD	0	1	0	0	0	0	No
3564x8027	CC029xCC027	0	0.5	0	0	0	0	0.5	0	0.5	0	0.5	DM	0	0	0	0	1	0	No
3609x15119	CC018xCC065	2.9249e-05	0	0.49998537475	0.49998537625	0	0	0	0	0	0	1	DD	0	0	0	1	0	0	No
3609x5489	CC018xCC009	2.9249e-05	0	0.49998537475	0.49998537625	0	0	0	0	0	0	1	DD	0	0	0	1	0	0	No
3609x8018	CC018xCC010	2.9249e-05	0	0.99993100275	3.974825e-05	0	0	0	0	0	0	1	DD	0	0	0	1	0	0	No
4410x3460	CC044xCC060	0	0	0	0	0.5	0.5	0	0	0.5	0.5	0	CM	0	0	1	0	0	0	No
4410x8046	CC044xCC022	0	0	0	0	0.5	0	0	0.5	0.5	0	0.5	DM	0	0	0	0	1	0	No
477x16912	CC036xCC051	0	1	0	0	0	0	0	0	0	0	1	DD	0	0	0	1	0	0	No
5035x16785	CC035xCC071	0	0	0	0	0	1	0	0	0	1	0	CC	1	0	0	0	0	0	No
5035x8054	CC035xCC020	0.499969751	0	1.51245e-05	1.51245e-05	0	0.5	0	0	0	0.5	0.5	CD	0	1	0	0	0	0	No
5080x8024	CC034xCC016	0.49997074975	0	1.4625e-05	1.462525e-05	0	0	0	0.5	0	0	1	DD	0	0	0	1	0	0	No
5306x16521	CC062xCC072	1.46245e-05	0	1.987375e-05	0.49996550175	0.5	0	0	0	0.5	0	0.5	DM	0	0	0	0	1	0	No
5306x5346	CC062xCC046	0.499970751	0	1.46245e-05	1.46245e-05	0.5	0	0	0	0.5	0	0.5	DM	0	0	0	0	1	0	No
5346x16768	CC046xCC068	0.499970751	0	1.46245e-05	1.46245e-05	0	0.5	0	0	0	0.5	0.5	CD	0	1	0	0	0	0	No
5358x16785	CC058xCC071	2.43775e-06	0	0.12499425	3.31225e-06	0	0.875	0	0	0	0.875	0.125	CC	1	0	0	0	0	0	Yes
5358x8046	CC058xCC022	2.43775e-06	0	0.12499425	3.31225e-06	0	0.375	0	0.5	0	0.375	0.625	CD	0	1	0	0	0	0	Yes
5391x13140	CC063xCC001	0	0	0	0	0	0.5	0.5	0	0.5	0.5	0	CM	0	0	1	0	0	0	No
5391x15156	CC063xCC002	2.43775e-06	0.375	3.31225e-06	0.12499425	0	0	0.5	0	0.5	0	0.5	DM	0	0	0	0	1	0	No
5489x16557	CC009xCC040	2.9249e-05	0	3.97475e-05	0.9999310035	0	0	0	0	0	0	1	DD	0	0	0	1	0	0	No
5489x8036	CC009xCC008	2.9249e-05	0	3.97475e-05	0.9999310035	0	0	0	0	0	0	1	DD	0	0	0	1	0	0	No
559x8031	OR559xCC031	9.7505e-06	0	1.324925e-05	0.37497700025	0.5	0	0.125	0	0.625	0	0.375	DM	0	0	0	0	1	0	Yes
773x16296	CC053xCC049	1.4625e-05	0.5	1.998025e-05	0.49996539475	0	0	0	0	0	0	1	DD	0	0	0	1	0	0	No
773x8031	CC053xCC031	0	0.5	0	0	0.5	0	0	0	0.5	0	0.5	DM	0	0	0	0	1	0	No
8002x3032	CC032xCC017	0.1666666665	0.5	0.1666666665	0.166666667	0	0	0	0	0	0	1	DD	0	0	0	1	0	0	No
8002x8010	CC032xCC013	0	0.5	0	0	0.5	0	0	0	0.5	0	0.5	DM	0	0	0	0	1	0	No
8004x8043	CC024xCC023	0.499970751	0	1.46245e-05	1.46245e-05	0	0	0.5	0	0.5	0	0.5	DM	0	0	0	0	1	0	No
8004x8052	CC024xCC052	0.4999853755	0	3.449825e-05	0.49998012625	0	0	0	0	0	0	1	DD	0	0	0	1	0	0	No
8005x16188	CC012xCC004	0.499970751	0.5	1.46245e-05	1.46245e-05	0	0	0	0	0	0	1	DD	0	0	0	1	0	0	No
8005x8002	CC012xCC032	0.499970751	0.5	1.46245e-05	1.46245e-05	0	0	0	0	0	0	1	DD	0	0	0	1	0	0	No
8005x8049	CC012xCC038	0.999941502	0	2.9249e-05	2.9249e-05	0	0	0	0	0	0	1	DD	0	0	0	1	0	0	No
8008x8016	CC025xCC028	0.499970751	0	1.46245e-05	1.46245e-05	0	0	0.5	0	0.5	0	0.5	DM	0	0	0	0	1	0	No
8010x16441	CC013xCC041	1.46245e-05	0	1.987375e-05	0.49996550175	0.5	0	0	0	0.5	0	0.5	DM	0	0	0	0	1	0	No
8010x8026	CC013xCC026	0	0	0	0	0.5	0	0	0.5	0.5	0	0.5	DM	0	0	0	0	1	0	No
8016x8004	CC028xCC024	0.499970751	0	1.46245e-05	1.46245e-05	0	0	0.5	0	0.5	0	0.5	DM	0	0	0	0	1	0	No
8016x8034	CC028xCC030	0	0	0	0	0	0	1	0	1	0	0	MM	0	0	0	0	0	1	No
8021x16072	CC043xCC037	1.46245e-05	0	0.49996437675	2.099875e-05	0	0	0	0.5	0	0	1	DD	0	0	0	1	0	0	No
8021x8033	CC043xCC033	0	0	0	0	0	0	0	1	0	0	1	DD	0	0	0	1	0	0	No
8024x8048	CC016xCC061	0.499970751	0	1.46245e-05	1.46245e-05	0	0	0	0.5	0	0	1	DD	0	0	0	1	0	0	No
8024x8049	CC016xCC038	0.499970751	0	1.46245e-05	1.46245e-05	0	0	0	0.5	0	0	1	DD	0	0	0	1	0	0	No
8026x5080	CC026xCC034	0.49997074975	0	1.4625e-05	1.462525e-05	0	0	0	0.5	0	0	1	DD	0	0	0	1	0	0	No
8026x8042	CC026xCC042	0	0	0	0	0	0.5	0	0.5	0	0.5	0.5	CD	0	1	0	0	0	0	No
8027x16513	CC027xCC019	9.81275e-06	0	0.37497600075	1.418675e-05	0	0.12499999975	0.5	0	0.5	0.12499999975	0.37500000025	DM	0	0	0	0	1	0	Yes
8027x477	CC027xCC036	0	0.5	0	0	0	0	0.5	0	0.5	0	0.5	DM	0	0	0	0	1	0	No
8027x8045	CC027xCC045	0.499970751	0	1.46245e-05	1.46245e-05	0	0	0.5	0	0.5	0	0.5	DM	0	0	0	0	1	0	No
8033x16768	CC033xCC068	0	0	0	0	0	0.5	0	0.5	0	0.5	0.5	CD	0	1	0	0	0	0	No
8033x5346	CC033xCC046	0.499970751	0	1.46245e-05	1.46245e-05	0	0	0	0.5	0	0	1	DD	0	0	0	1	0	0	No
8034x3015	CC030xCC074	1.462525e-05	0	0.499965501	1.987375e-05	0	0	0.5	0	0.5	0	0.5	DM	0	0	0	0	1	0	No
8034x8010	CC030xCC013	0	0	0	0	0.5	0	0.5	0	1	0	0	MM	0	0	0	0	0	1	No
8034x8043	CC030xCC023	0	0	0	0	0	0	1	0	1	0	0	MM	0	0	0	0	0	1	No
8034x8048	CC030xCC061	0.499970751	0	1.46245e-05	1.46245e-05	0	0	0.5	0	0.5	0	0.5	DM	0	0	0	0	1	0	No
8036x3609	CC008xCC018	2.9249e-05	0	0.49998537475	0.49998537625	0	0	0	0	0	0	1	DD	0	0	0	1	0	0	No
8036x8018	CC008xCC010	2.9249e-05	0	0.4999853755	0.4999853755	0	0	0	0	0	0	1	DD	0	0	0	1	0	0	No
8043x16513	CC023xCC019	9.81275e-06	0	0.37497600075	1.418675e-05	0	0.12499999975	0.5	0	0.5	0.12499999975	0.37500000025	DM	0	0	0	0	1	0	Yes
8043x8008	CC023xCC025	0.499970751	0	1.46245e-05	1.46245e-05	0	0	0.5	0	0.5	0	0.5	DM	0	0	0	0	1	0	No
8045x4410	CC045xCC044	0.499970751	0	1.46245e-05	1.46245e-05	0.5	0	0	0	0.5	0	0.5	DM	0	0	0	0	1	0	No
8046x3393	CC022xCC057	0	0	0	0	0.25000000025	0.24999999975	0	0.5	0.25000000025	0.24999999975	0.5	CD	0	1	0	0	0	0	Yes
8046x8004	CC022xCC024	0.499970751	0	1.46245e-05	1.46245e-05	0	0	0	0.5	0	0	1	DD	0	0	0	1	0	0	No
8048x15155	CC061xCC039	0.499970751	0	1.46245e-05	1.46245e-05	0	0.5	0	0	0	0.5	0.5	CD	0	1	0	0	0	0	No
8048x8008	CC061xCC025	0.999941502	0	2.9249e-05	2.9249e-05	0	0	0	0	0	0	1	DD	0	0	0	1	0	0	No
8048x8026	CC061xCC026	0.499970751	0	1.46245e-05	1.46245e-05	0	0	0	0.5	0	0	1	DD	0	0	0	1	0	0	No
8049x16211	CC038xCC005	0.499970751	0	1.46245e-05	1.46245e-05	0.5	0	0	0	0.5	0	0.5	DM	0	0	0	0	1	0	No
8049x8010	CC038xCC013	0.499970751	0	1.46245e-05	1.46245e-05	0.5	0	0	0	0.5	0	0.5	DM	0	0	0	0	1	0	No
8052x13421	CC052xCC007	1.46245e-05	0.5	1.987375e-05	0.49996550175	0	0	0	0	0	0	1	DD	0	0	0	1	0	0	No
8052x3415	CC052xCC014	2.9249e-05	0	0.4999853755	0.4999853755	0	0	0	0	0	0	1	DD	0	0	0	1	0	0	No
8054x8036	CC020xCC008	0.4999843755	0	3.499825e-05	0.49998062625	0	0	0	0	0	0	1	DD	0	0	0	1	0	0	No
8056x8033	CC056xCC033	0	0	0	0	0	0	0.5	0.5	0.5	0	0.5	DM	0	0	0	0	1	0	No
5119x8018	CC065xCC010	2.9249e-05	0	0.4999853755	0.4999853755	0	0	0	0	0	0	1	DD	0	0	0	1	0	0	No
16012x15119	CC059xCC065	1.46245e-05	0.5	1.987375e-05	0.49996550175	0	0	0	0	0	0	1	DD	0	0	0	1	0	0	No
8018x3154	CC010xCC015	2.9249e-05	0	0.9999310035	3.97475e-05	0	0	0	0	0	0	1	DD	0	0	0	1	0	0	No
8042x16513	CC042xCC019	9.81275e-06	0	0.37497600075	1.418675e-05	0	0.62499999975	0	0	0	0.62499999975	0.37500000025	CD	0	1	0	0	0	0	Yes
8042x8008	CC042xCC025	0.499970751	0	1.46245e-05	1.46245e-05	0	0.5	0	0	0	0.5	0.5	CD	0	1	0	0	0	0	No
3609x5119	CC018xCC065	2.9249e-05	0	0.49998537475	0.49998537625	0	0	0	0	0	0	1	DD	0	0	0	1	0	0	No
8036x18018	CC008xCC010	2.9249e-05	0	0.4999853755	0.4999853755	0	0	0	0	0	0	1	DD	0	0	0	1	0	0	No
