Mating	CC_Mating	A	B	C	D	E	F	G	H	Null_prob	P_prob	WC_prob	Oas1b_status	Oas1b_High	Oas1b_Mod	Oas1b_Low
13067x16912	CC003xCC051	1e-20	1e-20	1e-20	1e-20	0.5	1e-20	1e-20	0.5	0.5	1e-20	0.5	High	1	0	0
13067x5306	CC003xCC062	1e-20	1e-20	1.995e-07	0.4999998005	1e-20	1e-20	1e-20	0.5	0.5	1e-20	0.5	High	1	0	0
13140x16680	CC001xCC055	1e-20	0.5	1e-20	1e-20	0.5	1e-20	1e-20	1e-20	1	1e-20	2e-20	Low	0	0	1
13140x3015	CC001xCC074	1e-20	0.5	0.5	1e-20	1e-20	1e-20	1e-20	1e-20	1	1e-20	2e-20	Low	0	0	1
13421x16034	CC007xCC070	1e-20	1e-20	1.156e-06	0.499998844	1e-20	1e-20	0.5	1e-20	0.5	0.5	2e-20	Mod	0	1	0
13421x3260	CC007xCC075	0.4999743545	1e-20	2.680125e-05	0.49999884425	1e-20	1e-20	1e-20	1e-20	1	1e-20	2e-20	Low	0	0	1
15119x16521	CC065xCC072	3.322e-06	1e-20	0.999996678	1e-20	1e-20	1e-20	1e-20	1e-20	1	1e-20	2e-20	Low	0	0	1
15155x8054	CC039xCC020	0.49997660525	1e-20	2.339475e-05	1e-20	1e-20	1e-20	1e-20	0.5	0.5	1e-20	0.5	High	1	0	0
15156x1566	CC002xCC021	0.50011067325	1e-20	0.4998893255	1.25e-09	1e-20	1e-20	1e-20	1e-20	1	1e-20	2e-20	Low	0	0	1
15156x3252	CC002xCC011	0.49999790525	0.5	2.09475e-06	1e-20	1e-20	1e-20	1e-20	1e-20	1	1e-20	2e-20	Low	0	0	1
1566x8002	CC021xCC032	0.0001245035	0.25014310375	0.74973009125	2.12375e-06	5.275e-08	1e-20	1.25e-07	1e-20	0.999999875	1.25e-07	2e-20	Low	0	0	1
1566x8043	CC021xCC023	0.000112768	1e-20	0.49988861925	0.49999861275	1e-20	1e-20	1e-20	1e-20	1	1e-20	2e-20	Low	0	0	1
16012x15119	CC059xCC065	3.321e-06	1e-20	0.499996679	1e-20	0.5	1e-20	1e-20	1e-20	1	1e-20	2e-20	Low	0	0	1
16034x13067	CC070xCC003	1e-20	1e-20	1e-20	1e-20	1e-20	1e-20	0.5	0.5	5e-20	0.5	0.5	High	1	0	0
16072x3393	CC037xCC057	1e-20	0.499999998	2e-09	1e-20	0.5	1e-20	1e-20	1e-20	1	1e-20	2e-20	Low	0	0	1
16072x5346	CC037xCC046	1e-20	0.499999998	2e-09	1e-20	1e-20	0.5	1e-20	1e-20	0.5	1e-20	0.5	High	1	0	0
16188x3252	CC004xCC011	1e-20	0.5	3.5e-09	1e-20	1e-20	1e-20	0.4999999965	1e-20	0.5000000035	0.4999999965	2e-20	Mod	0	1	0
16188x8005	CC004xCC012	1e-20	1e-20	3.5e-09	1e-20	1e-20	1e-20	0.4999999965	0.5	3.50000000004e-09	0.4999999965	0.5	High	1	0	0
16211x13140	CC005xCC001	1e-20	0.999999998	2e-09	1e-20	1e-20	1e-20	1e-20	1e-20	1	1e-20	2e-20	Low	0	0	1
16211x16557	CC005xCC040	1e-20	0.8749999975	2.5e-09	0.125	1e-20	1e-20	1e-20	1e-20	1	1e-20	2e-20	Low	0	0	1
16211x8049	CC005xCC038	1e-20	0.499999998	3e-09	1e-20	1e-20	1e-20	0.499999999	1e-20	0.500000001	0.499999999	2e-20	Mod	0	1	0
16296x477	CC049xCC036	1e-20	0.624999996	6.95e-08	0.3749999345	1e-20	1e-20	1e-20	1e-20	1	1e-20	2e-20	Low	0	0	1
16441x8005	CC041xCC012	1e-20	1e-20	1e-20	1e-20	1e-20	0.5	1e-20	0.5	5e-20	1e-20	1	High	1	0	0
16441x8024	CC041xCC016	0.49997185825	1e-20	2.814175e-05	1e-20	1e-20	0.5	1e-20	1e-20	0.5	1e-20	0.5	High	1	0	0
16513x15156	CC019xCC002	0.49999790525	1e-20	2.09525e-06	1e-20	1e-20	1e-20	1e-20	0.4999999995	0.5000000005	1e-20	0.4999999995	High	1	0	0
16513x16188	CC019xCC004	1e-20	1e-20	4e-09	1e-20	1e-20	1e-20	0.4999999965	0.4999999995	4.00000000004e-09	0.4999999965	0.4999999995	High	1	0	0
16513x8027	CC019xCC027	1e-20	0.499999998	2.5e-09	1e-20	1e-20	1e-20	1e-20	0.4999999995	0.5000000005	1e-20	0.4999999995	High	1	0	0
16521x3260	CC072xCC075	0.4999743555	1e-20	0.50002564425	2.5e-10	1e-20	1e-20	1e-20	1e-20	1	1e-20	2e-20	Low	0	0	1
16521x5391	CC072xCC063	1e-09	1e-20	0.500000008	0.499999991	1e-20	1e-20	1e-20	1e-20	1	1e-20	2e-20	Low	0	0	1
16557x13067	CC040xCC003	1e-20	0.3749999995	5e-10	0.125	1e-20	1e-20	1e-20	0.5	0.5	1e-20	0.5	High	1	0	0
16557x3154	CC040xCC015	0.499958367	0.3749999995	4.16335e-05	0.125	1e-20	1e-20	1e-20	1e-20	1	1e-20	2e-20	Low	0	0	1
16680x16750	CC055xCC006	1e-20	1e-20	1e-20	1e-20	1	1e-20	1e-20	1e-20	1	1e-20	2e-20	Low	0	0	1
16680x8016	CC055xCC028	1e-20	1e-20	3.5e-09	1e-20	0.5	1e-20	0.4999999965	1e-20	0.5000000035	0.4999999965	2e-20	Mod	0	1	0
16750x13421	CC006xCC007	1e-20	1e-20	1.156e-06	0.499998844	0.5	1e-20	1e-20	1e-20	1	1e-20	2e-20	Low	0	0	1
16750x15155	CC006xCC039	1e-20	1e-20	1e-20	1e-20	0.5	1e-20	1e-20	0.5	0.5	1e-20	0.5	High	1	0	0
16768x5035	CC068xCC035	0.49996072925	0.4999999965	3.927425e-05	1e-20	1e-20	1e-20	1e-20	1e-20	1	1e-20	2e-20	Low	0	0	1
16768x8021	CC068xCC043	1.039725e-05	0.4999999965	0.49998960625	1e-20	1e-20	1e-20	1e-20	1e-20	1	1e-20	2e-20	Low	0	0	1
16785x5358	CC071xCC058	0.1008798095	1e-20	0.399120189	0.5000000015	1e-20	1e-20	1e-20	1e-20	1	1e-20	2e-20	Low	0	0	1
16785x773	CC071xCC053	0.1008798095	1e-20	0.3991201885	2.5e-09	1e-20	1e-20	1e-20	0.4999999995	0.5000000005	1e-20	0.4999999995	High	1	0	0
16912x16211	CC051xCC005	1e-20	0.499999998	2e-09	1e-20	0.5	1e-20	1e-20	1e-20	1	1e-20	2e-20	Low	0	0	1
16912x5489	CC051xCC009	1e-20	1e-20	1e-20	1e-20	1	1e-20	1e-20	1e-20	1	1e-20	2e-20	Low	0	0	1
18018x3154	CC010xCC015	0.499958367	1e-20	4.1633e-05	1e-20	0.5	1e-20	1e-20	1e-20	1	1e-20	2e-20	Low	0	0	1
18018x3460	CC010xCC060	6.49975e-06	1e-20	6.50275e-06	0.4999869975	0.5	1e-20	1e-20	1e-20	1	1e-20	2e-20	Low	0	0	1
18042x16513	CC042xCC019	1e-20	1e-20	5e-10	1e-20	1e-20	1e-20	1e-20	0.9999999995	5.0000000004e-10	1e-20	0.9999999995	High	1	0	0
18042x3032	CC042xCC017	1e-20	1e-20	1e-20	1e-20	1e-20	1e-20	1e-20	1	5e-20	1e-20	1	High	1	0	0
18042x8008	CC042xCC025	1e-20	1e-20	1e-20	1e-20	1e-20	1e-20	1e-20	1	5e-20	1e-20	1	High	1	0	0
3015x15156	CC074xCC002	0.49999790525	1e-20	0.50000209475	1e-20	1e-20	1e-20	1e-20	1e-20	1	1e-20	2e-20	Low	0	0	1
3015x5306	CC074xCC062	1e-20	1e-20	0.5000001995	0.4999998005	1e-20	1e-20	1e-20	1e-20	1	1e-20	2e-20	Low	0	0	1
3015x5358	CC074xCC058	1e-20	1e-20	0.500000001	0.499999999	1e-20	1e-20	1e-20	1e-20	1	1e-20	2e-20	Low	0	0	1
3032x16188	CC017xCC004	1e-20	1e-20	3.5e-09	1e-20	1e-20	1e-20	0.4999999965	0.5	3.50000000004e-09	0.4999999965	0.5	High	1	0	0
3032x16441	CC017xCC041	1e-20	1e-20	1e-20	1e-20	1e-20	0.5	1e-20	0.5	5e-20	1e-20	1	High	1	0	0
3154x16012	CC015xCC059	0.499958367	1e-20	4.1633e-05	1e-20	0.5	1e-20	1e-20	1e-20	1	1e-20	2e-20	Low	0	0	1
3154x3609	CC015xCC018	0.499958367	1e-20	4.27125e-05	0.4999989205	1e-20	1e-20	1e-20	1e-20	1	1e-20	2e-20	Low	0	0	1
3252x8002	CC011xCC032	1.17355e-05	0.75014310375	0.2498428605	2.1225e-06	5.275e-08	1e-20	1.25e-07	1e-20	0.999999875	1.25e-07	2e-20	Low	0	0	1
3252x8042	CC011xCC042	1e-20	0.5	1e-20	1e-20	1e-20	1e-20	1e-20	0.5	0.5	1e-20	0.5	High	1	0	0
3260x1566	CC075xCC021	0.5000871225	1e-20	0.499912876	1.5e-09	1e-20	1e-20	1e-20	1e-20	1	1e-20	2e-20	Low	0	0	1
3260x5035	CC075xCC035	0.99993508375	1e-20	6.4916e-05	2.5e-10	1e-20	1e-20	1e-20	1e-20	1	1e-20	2e-20	Low	0	0	1
3393x8052	CC057xCC052	1e-20	1e-20	1e-20	1e-20	1	1e-20	1e-20	1e-20	1	1e-20	2e-20	Low	0	0	1
3415x16012	CC014xCC059	1e-20	1e-20	1e-20	1e-20	0.5	1e-20	0.5	1e-20	0.5	0.5	2e-20	Mod	0	1	0
3460x16072	CC060xCC037	6.49975e-06	0.499999998	6.50475e-06	0.4999869975	1e-20	1e-20	1e-20	1e-20	1	1e-20	2e-20	Low	0	0	1
3460x16750	CC060xCC006	6.49975e-06	1e-20	6.50275e-06	0.4999869975	0.5	1e-20	1e-20	1e-20	1	1e-20	2e-20	Low	0	0	1
3564x16785	CC029xCC071	0.1008798095	1e-20	0.399120188	2.5e-09	1e-20	0.5	1e-20	1e-20	0.5	1e-20	0.5	High	1	0	0
3564x8027	CC029xCC027	1e-20	0.499999998	2e-09	1e-20	1e-20	0.5	1e-20	1e-20	0.5	1e-20	0.5	High	1	0	0
3609x5119	CC018xCC065	3.321e-06	1e-20	0.4999977585	0.4999989205	1e-20	1e-20	1e-20	1e-20	1	1e-20	2e-20	Low	0	0	1
3609x5489	CC018xCC009	1e-20	1e-20	1.0795e-06	0.4999989205	0.5	1e-20	1e-20	1e-20	1	1e-20	2e-20	Low	0	0	1
4410x3460	CC044xCC060	6.49975e-06	1e-20	6.50275e-06	0.4999869975	0.5	1e-20	1e-20	1e-20	1	1e-20	2e-20	Low	0	0	1
477x16912	CC036xCC051	1e-20	0.499999996	4e-09	1e-20	0.5	1e-20	1e-20	1e-20	1	1e-20	2e-20	Low	0	0	1
5035x16785	CC035xCC071	0.60084053875	1e-20	0.39915945875	2.5e-09	1e-20	1e-20	1e-20	1e-20	1	1e-20	2e-20	Low	0	0	1
5035x8054	CC035xCC020	0.9999373345	1e-20	6.26655e-05	1e-20	1e-20	1e-20	1e-20	1e-20	1	1e-20	2e-20	Low	0	0	1
5080x8024	CC034xCC016	0.49997185825	1e-20	2.814175e-05	1e-20	1e-20	1e-20	0.5	1e-20	0.5	0.5	2e-20	Mod	0	1	0
5119x8018	CC065xCC010	3.321e-06	1e-20	0.499996679	1e-20	0.5	1e-20	1e-20	1e-20	1	1e-20	2e-20	Low	0	0	1
5306x16521	CC062xCC072	1e-09	1e-20	0.5000001985	0.4999998005	1e-20	1e-20	1e-20	1e-20	1	1e-20	2e-20	Low	0	0	1
5306x5346	CC062xCC046	1e-20	1e-20	1.995e-07	0.4999998005	1e-20	0.5	1e-20	1e-20	0.5	1e-20	0.5	High	1	0	0
5346x16768	CC046xCC068	1e-20	0.4999999965	3.5e-09	1e-20	1e-20	0.5	1e-20	1e-20	0.5	1e-20	0.5	High	1	0	0
5358x8046	CC058xCC022	1e-20	1e-20	1e-09	0.499999999	1e-20	1e-20	1e-20	0.5	0.5	1e-20	0.5	High	1	0	0
5391x13140	CC063xCC001	1e-20	0.5	9e-09	0.499999991	1e-20	1e-20	1e-20	1e-20	1	1e-20	2e-20	Low	0	0	1
5391x15156	CC063xCC002	0.49999790525	1e-20	2.10375e-06	0.499999991	1e-20	1e-20	1e-20	1e-20	1	1e-20	2e-20	Low	0	0	1
5489x16557	CC009xCC040	1e-20	0.3749999995	5e-10	0.125	0.5	1e-20	1e-20	1e-20	1	1e-20	2e-20	Low	0	0	1
8002x3032	CC032xCC017	1.17355e-05	0.25014310375	0.2498428605	2.1225e-06	5.275e-08	1e-20	1.25e-07	0.5	0.499999875	1.25e-07	0.5	High	1	0	0
8002x8010	CC032xCC013	1.17355e-05	0.25014310375	0.2498428605	2.1225e-06	0.50000005275	1e-20	1.25e-07	1e-20	0.999999875	1.25e-07	2e-20	Low	0	0	1
8004x8043	CC024xCC023	1e-20	1e-20	1.3885e-06	0.4999986115	0.5	1e-20	1e-20	1e-20	1	1e-20	2e-20	Low	0	0	1
8004x8052	CC024xCC052	1e-20	1e-20	1e-20	1e-20	1	1e-20	1e-20	1e-20	1	1e-20	2e-20	Low	0	0	1
8005x16188	CC012xCC004	1e-20	1e-20	3.5e-09	1e-20	1e-20	1e-20	0.4999999965	0.5	3.50000000004e-09	0.4999999965	0.5	High	1	0	0
8005x8002	CC012xCC032	1.17355e-05	0.25014310375	0.2498428605	2.1225e-06	5.275e-08	1e-20	1.25e-07	0.5	0.499999875	1.25e-07	0.5	High	1	0	0
8005x8049	CC012xCC038	1e-20	1e-20	1e-09	1e-20	1e-20	1e-20	0.499999999	0.5	1.00000000004e-09	0.499999999	0.5	High	1	0	0
8008x8016	CC025xCC028	1e-20	1e-20	3.5e-09	1e-20	1e-20	1e-20	0.4999999965	0.5	3.50000000004e-09	0.4999999965	0.5	High	1	0	0
8010x16441	CC013xCC041	1e-20	1e-20	1e-20	1e-20	0.5	0.5	1e-20	1e-20	0.5	1e-20	0.5	High	1	0	0
8010x8026	CC013xCC026	0.49999014275	1e-20	9.85725e-06	1e-20	0.5	1e-20	1e-20	1e-20	1	1e-20	2e-20	Low	0	0	1
8016x8004	CC028xCC024	1e-20	1e-20	3.5e-09	1e-20	0.5	1e-20	0.4999999965	1e-20	0.5000000035	0.4999999965	2e-20	Mod	0	1	0
8016x8034	CC028xCC030	1e-20	1e-20	2.5e-08	1e-20	1e-20	1e-20	0.4999999965	0.4999999785	2.500000000004e-08	0.4999999965	0.4999999785	High	1	0	0
8018x3154	CC010xCC015	0.499958367	1e-20	4.1633e-05	1e-20	0.5	1e-20	1e-20	1e-20	1	1e-20	2e-20	Low	0	0	1
8021x16072	CC043xCC037	1.039725e-05	0.499999998	0.49998960475	1e-20	1e-20	1e-20	1e-20	1e-20	1	1e-20	2e-20	Low	0	0	1
8021x8033	CC043xCC033	0.5000052815	1e-20	0.4999947185	1e-20	1e-20	1e-20	1e-20	1e-20	1	1e-20	2e-20	Low	0	0	1
8024x8048	CC016xCC061	0.615868164	1e-20	0.01821158025	1e-20	0.36592025575	1e-20	1e-20	1e-20	1	1e-20	2e-20	Low	0	0	1
8024x8049	CC016xCC038	0.49997185825	1e-20	2.814275e-05	1e-20	1e-20	1e-20	0.499999999	1e-20	0.500000001	0.499999999	2e-20	Mod	0	1	0
8026x5080	CC026xCC034	0.49999014275	1e-20	9.85725e-06	1e-20	1e-20	1e-20	0.5	1e-20	0.5	0.5	2e-20	Mod	0	1	0
8026x8042	CC026xCC042	0.49999014275	1e-20	9.85725e-06	1e-20	1e-20	1e-20	1e-20	0.5	0.5	1e-20	0.5	High	1	0	0
8027x477	CC027xCC036	1e-20	0.999999994	6e-09	1e-20	1e-20	1e-20	1e-20	1e-20	1	1e-20	2e-20	Low	0	0	1
8027x8045	CC027xCC045	0.001881726	0.499999998	0.498118276	1e-20	1e-20	1e-20	1e-20	1e-20	1	1e-20	2e-20	Low	0	0	1
8033x16768	CC033xCC068	0.49999488425	0.4999999965	5.11925e-06	1e-20	1e-20	1e-20	1e-20	1e-20	1	1e-20	2e-20	Low	0	0	1
8033x5346	CC033xCC046	0.49999488425	1e-20	5.11575e-06	1e-20	1e-20	0.5	1e-20	1e-20	0.5	1e-20	0.5	High	1	0	0
8034x8043	CC030xCC023	1e-20	1e-20	1.41e-06	0.4999986115	1e-20	1e-20	1e-20	0.4999999785	0.5000000215	1e-20	0.4999999785	High	1	0	0
8034x8048	CC030xCC061	0.11589630575	1e-20	0.01818346	1e-20	0.36592025575	1e-20	1e-20	0.4999999785	0.5000000215	1e-20	0.4999999785	High	1	0	0
8036x15489	CC008xCC009	1e-20	1e-20	1e-20	1e-20	0.5	1e-20	1e-20	0.5	0.5	1e-20	0.5	High	1	0	0
8036x18018	CC008xCC010	1e-20	1e-20	1e-20	1e-20	0.5	1e-20	1e-20	0.5	0.5	1e-20	0.5	High	1	0	0
8036x3609	CC008xCC018	1e-20	1e-20	1.0795e-06	0.4999989205	1e-20	1e-20	1e-20	0.5	0.5	1e-20	0.5	High	1	0	0
8042x16513	CC042xCC019	1e-20	1e-20	5e-10	1e-20	1e-20	1e-20	1e-20	0.9999999995	5.0000000004e-10	1e-20	0.9999999995	High	1	0	0
8042x8008	CC042xCC025	1e-20	1e-20	1e-20	1e-20	1e-20	1e-20	1e-20	1	5e-20	1e-20	1	High	1	0	0
8043x8008	CC023xCC025	1e-20	1e-20	1.3885e-06	0.4999986115	1e-20	1e-20	1e-20	0.5	0.5	1e-20	0.5	High	1	0	0
8045x4410	CC045xCC044	0.001881726	1e-20	0.498118274	1e-20	0.5	1e-20	1e-20	1e-20	1	1e-20	2e-20	Low	0	0	1
8046x4410	CC022xCC044	1e-20	1e-20	1e-20	1e-20	0.5	1e-20	1e-20	0.5	0.5	1e-20	0.5	High	1	0	0
8046x8004	CC022xCC024	1e-20	1e-20	1e-20	1e-20	0.5	1e-20	1e-20	0.5	0.5	1e-20	0.5	High	1	0	0
8048x15155	CC061xCC039	0.11589630575	1e-20	0.0181834385	1e-20	0.36592025575	1e-20	1e-20	0.5	0.5	1e-20	0.5	High	1	0	0
8048x8008	CC061xCC025	0.11589630575	1e-20	0.0181834385	1e-20	0.36592025575	1e-20	1e-20	0.5	0.5	1e-20	0.5	High	1	0	0
8048x8026	CC061xCC026	0.6158864485	1e-20	0.01819329575	1e-20	0.36592025575	1e-20	1e-20	1e-20	1	1e-20	2e-20	Low	0	0	1
8049x8010	CC038xCC013	1e-20	1e-20	1e-09	1e-20	0.5	1e-20	0.499999999	1e-20	0.500000001	0.499999999	2e-20	Mod	0	1	0
8052x13421	CC052xCC007	1e-20	1e-20	1.156e-06	0.499998844	0.5	1e-20	1e-20	1e-20	1	1e-20	2e-20	Low	0	0	1
8052x3415	CC052xCC014	1e-20	1e-20	1e-20	1e-20	0.5	1e-20	0.5	1e-20	0.5	0.5	2e-20	Mod	0	1	0
8054x8036	CC020xCC008	0.49997660525	1e-20	2.339475e-05	1e-20	1e-20	1e-20	1e-20	0.5	0.5	1e-20	0.5	High	1	0	0
8056x8033	CC056xCC033	0.9999860215	1e-20	1.39785e-05	1e-20	1e-20	1e-20	1e-20	1e-20	1	1e-20	2e-20	Low	0	0	1
